1	0.254899
2	0.254711
3	0.254555
4	0.254428
5	0.254190
6	0.253663
7	0.252762
8	0.251568
9	0.250327
10	0.249356
11	0.248918
12	0.249106
13	0.249813
14	0.250789
15	0.251749
16	0.252471
17	0.252854
18	0.252917
19	0.252743
20	0.252419
21	0.251972
22	0.251358
23	0.250489
24	0.249290
25	0.247749
26	0.245939
27	0.243989
28	0.242028
29	0.240115
30	0.238192
31	0.236086
32	0.233556
33	0.230356
34	0.226301
35	0.221304
36	0.215388
37	0.208665
38	0.201305
39	0.193517
40	0.185536
41	0.177630
42	0.170080
43	0.163137
44	0.156977
45	0.151664
46	0.147157
47	0.143339
48	0.140066
49	0.137203
50	0.134654
51	0.132366
52	0.130327
53	0.128542
54	0.127019
55	0.125746
56	0.124685
57	0.123780
58	0.122972
59	0.122208
60	0.121457
61	0.120706
62	0.119957
63	0.119220
64	0.118501
65	0.117802
66	0.117118
67	0.116438
68	0.115750
69	0.115045
70	0.114316
71	0.113563
72	0.112792
73	0.112012
74	0.111237
75	0.110480
76	0.109755
77	0.109072
78	0.108439
79	0.107862
80	0.107342
81	0.106880
82	0.106474
83	0.106123
84	0.105823
85	0.105573
86	0.105369
87	0.105210
88	0.105092
89	0.105009
90	0.104956
91	0.104925
92	0.104907
93	0.104893
94	0.104874
95	0.104840
96	0.104784
97	0.104700
98	0.104587
99	0.104442
100	0.104266
101	0.104064
102	0.103840
103	0.103599
104	0.103348
105	0.103094
106	0.102843
107	0.102599
108	0.102367
109	0.102149
110	0.101947
111	0.101761
112	0.101591
113	0.101437
114	0.101297
115	0.101169
116	0.101052
117	0.100943
118	0.100840
119	0.100743
120	0.100648
121	0.100555
122	0.100462
123	0.100368
124	0.100271
125	0.100171
126	0.100066
127	0.099958
128	0.099844
129	0.099725
130	0.099601
131	0.099472
132	0.099337
133	0.099198
134	0.099055
135	0.098909
136	0.098760
137	0.098609
138	0.098457
139	0.098305
140	0.098153
141	0.098003
142	0.097854
143	0.097708
144	0.097565
145	0.097425
146	0.097288
147	0.097154
148	0.097024
149	0.096896
150	0.096771
151	0.096648
152	0.096528
153	0.096409
154	0.096292
155	0.096176
156	0.096061
157	0.095947
158	0.095833
159	0.095719
160	0.095606
161	0.095493
162	0.095380
163	0.095266
164	0.095152
165	0.095038
166	0.094924
167	0.094809
168	0.094695
169	0.094580
170	0.094465
171	0.094350
172	0.094236
173	0.094122
174	0.094009
175	0.093896
176	0.093785
177	0.093675
178	0.093567
179	0.093460
180	0.093354
181	0.093250
182	0.093147
183	0.093046
184	0.092946
185	0.092848
186	0.092751
187	0.092656
188	0.092563
189	0.092471
190	0.092380
191	0.092291
192	0.092202
193	0.092116
194	0.092030
195	0.091945
196	0.091862
197	0.091779
198	0.091697
199	0.091616
200	0.091536
201	0.091456
202	0.091378
203	0.091300
204	0.091222
205	0.091146
206	0.091070
207	0.090995
208	0.090921
209	0.090847
210	0.090774
211	0.090701
212	0.090629
213	0.090558
214	0.090487
215	0.090417
216	0.090347
217	0.090278
218	0.090210
219	0.090142
220	0.090075
221	0.090009
222	0.089944
223	0.089879
224	0.089815
225	0.089751
226	0.089689
227	0.089626
228	0.089565
229	0.089504
230	0.089444
231	0.089384
232	0.089324
233	0.089265
234	0.089207
235	0.089148
236	0.089091
237	0.089033
238	0.088976
239	0.088920
240	0.088863
241	0.088808
242	0.088752
243	0.088698
244	0.088643
245	0.088589
246	0.088535
247	0.088482
248	0.088429
249	0.088377
250	0.088324
251	0.088273
252	0.088221
253	0.088170
254	0.088119
255	0.088069
256	0.088019
257	0.087969
258	0.087920
259	0.087871
260	0.087823
261	0.087775
262	0.087727
263	0.087680
264	0.087633
265	0.087586
266	0.087540
267	0.087494
268	0.087449
269	0.087404
270	0.087359
271	0.087314
272	0.087269
273	0.087225
274	0.087182
275	0.087138
276	0.087095
277	0.087052
278	0.087009
279	0.086967
280	0.086925
281	0.086884
282	0.086842
283	0.086801
284	0.086761
285	0.086720
286	0.086680
287	0.086640
288	0.086601
289	0.086561
290	0.086522
291	0.086483
292	0.086445
293	0.086407
294	0.086369
295	0.086331
296	0.086293
297	0.086256
298	0.086219
299	0.086182
300	0.086146
301	0.086110
302	0.086074
303	0.086038
304	0.086002
305	0.085967
306	0.085932
307	0.085897
308	0.085862
309	0.085827
310	0.085793
311	0.085759
312	0.085725
313	0.085691
314	0.085657
315	0.085624
316	0.085591
317	0.085558
318	0.085525
319	0.085493
320	0.085460
321	0.085428
322	0.085396
323	0.085365
324	0.085333
325	0.085302
326	0.085270
327	0.085239
328	0.085209
329	0.085178
330	0.085147
331	0.085117
332	0.085087
333	0.085057
334	0.085027
335	0.084997
336	0.084968
337	0.084939
338	0.084910
339	0.084881
340	0.084852
341	0.084823
342	0.084794
343	0.084766
344	0.084738
345	0.084710
346	0.084682
347	0.084654
348	0.084626
349	0.084599
350	0.084571
351	0.084544
352	0.084517
353	0.084490
354	0.084463
355	0.084437
356	0.084410
357	0.084384
358	0.084358
359	0.084331
360	0.084306
361	0.084280
362	0.084254
363	0.084228
364	0.084203
365	0.084178
366	0.084153
367	0.084127
368	0.084102
369	0.084078
370	0.084053
371	0.084028
372	0.084004
373	0.083980
374	0.083955
375	0.083931
376	0.083907
377	0.083883
378	0.083859
379	0.083836
380	0.083812
381	0.083789
382	0.083766
383	0.083742
384	0.083719
385	0.083696
386	0.083673
387	0.083650
388	0.083628
389	0.083605
390	0.083583
391	0.083560
392	0.083538
393	0.083516
394	0.083494
395	0.083472
396	0.083450
397	0.083428
398	0.083406
399	0.083385
400	0.083363
401	0.083342
402	0.083321
403	0.083299
404	0.083278
405	0.083257
406	0.083236
407	0.083215
408	0.083195
409	0.083174
410	0.083153
411	0.083133
412	0.083112
413	0.083092
414	0.083072
415	0.083052
416	0.083032
417	0.083012
418	0.082992
419	0.082972
420	0.082952
421	0.082933
422	0.082913
423	0.082893
424	0.082874
425	0.082855
426	0.082835
427	0.082816
428	0.082797
429	0.082778
430	0.082759
431	0.082740
432	0.082721
433	0.082703
434	0.082684
435	0.082665
436	0.082647
437	0.082628
438	0.082610
439	0.082592
440	0.082573
441	0.082555
442	0.082537
443	0.082519
444	0.082501
445	0.082483
446	0.082465
447	0.082448
448	0.082430
449	0.082412
450	0.082395
451	0.082377
452	0.082360
453	0.082342
454	0.082325
455	0.082308
456	0.082291
457	0.082273
458	0.082256
459	0.082239
460	0.082222
461	0.082206
462	0.082189
463	0.082172
464	0.082155
465	0.082139
466	0.082122
467	0.082106
468	0.082089
469	0.082073
470	0.082056
471	0.082040
472	0.082024
473	0.082008
474	0.081992
475	0.081975
476	0.081959
477	0.081943
478	0.081928
479	0.081912
480	0.081896
481	0.081880
482	0.081865
483	0.081849
484	0.081833
485	0.081818
486	0.081802
487	0.081787
488	0.081771
489	0.081756
490	0.081741
491	0.081726
492	0.081710
493	0.081695
494	0.081680
495	0.081665
496	0.081650
497	0.081635
498	0.081620
499	0.081606
500	0.081591
501	0.081576
502	0.081561
503	0.081547
504	0.081532
505	0.081517
506	0.081503
507	0.081488
508	0.081474
509	0.081460
510	0.081445
511	0.081431
512	0.081417
513	0.081403
514	0.081388
515	0.081374
516	0.081360
517	0.081346
518	0.081332
519	0.081318
520	0.081304
521	0.081290
522	0.081277
523	0.081263
524	0.081249
525	0.081235
526	0.081222
527	0.081208
528	0.081194
529	0.081181
530	0.081167
531	0.081154
532	0.081140
533	0.081127
534	0.081114
535	0.081100
536	0.081087
537	0.081074
538	0.081061
539	0.081047
540	0.081034
541	0.081021
542	0.081008
543	0.080995
544	0.080982
545	0.080969
546	0.080956
547	0.080943
548	0.080931
549	0.080918
550	0.080905
551	0.080892
552	0.080880
553	0.080867
554	0.080854
555	0.080842
556	0.080829
557	0.080816
558	0.080804
559	0.080791
560	0.080779
561	0.080767
562	0.080754
563	0.080742
564	0.080730
565	0.080717
566	0.080705
567	0.080693
568	0.080681
569	0.080668
570	0.080656
571	0.080644
572	0.080632
573	0.080620
574	0.080608
575	0.080596
576	0.080584
577	0.080572
578	0.080560
579	0.080548
580	0.080537
581	0.080525
582	0.080513
583	0.080501
584	0.080490
585	0.080478
586	0.080466
587	0.080455
588	0.080443
589	0.080431
590	0.080420
591	0.080408
592	0.080397
593	0.080385
594	0.080374
595	0.080362
596	0.080351
597	0.080340
598	0.080328
599	0.080317
600	0.080306
601	0.080294
602	0.080283
603	0.080272
604	0.080261
605	0.080250
606	0.080238
607	0.080227
608	0.080216
609	0.080205
610	0.080194
611	0.080183
612	0.080172
613	0.080161
614	0.080150
615	0.080139
616	0.080128
617	0.080117
618	0.080107
619	0.080096
620	0.080085
621	0.080074
622	0.080063
623	0.080053
624	0.080042
625	0.080031
626	0.080021
627	0.080010
628	0.079999
629	0.079989
630	0.079978
631	0.079967
632	0.079957
633	0.079946
634	0.079936
635	0.079925
636	0.079915
637	0.079904
638	0.079894
639	0.079883
640	0.079873
641	0.079863
642	0.079852
643	0.079842
644	0.079832
645	0.079821
646	0.079811
647	0.079801
648	0.079791
649	0.079780
650	0.079770
651	0.079760
652	0.079750
653	0.079740
654	0.079729
655	0.079719
656	0.079709
657	0.079699
658	0.079689
659	0.079679
660	0.079669
661	0.079659
662	0.079649
663	0.079639
664	0.079629
665	0.079619
666	0.079609
667	0.079599
668	0.079589
669	0.079579
670	0.079570
671	0.079560
672	0.079550
673	0.079540
674	0.079530
675	0.079520
676	0.079511
677	0.079501
678	0.079491
679	0.079481
680	0.079472
681	0.079462
682	0.079452
683	0.079443
684	0.079433
685	0.079423
686	0.079414
687	0.079404
688	0.079394
689	0.079385
690	0.079375
691	0.079365
692	0.079356
693	0.079346
694	0.079337
695	0.079327
696	0.079318
697	0.079308
698	0.079299
699	0.079289
700	0.079280
701	0.079270
702	0.079261
703	0.079251
704	0.079242
705	0.079233
706	0.079223
707	0.079214
708	0.079204
709	0.079195
710	0.079186
711	0.079176
712	0.079167
713	0.079157
714	0.079148
715	0.079139
716	0.079129
717	0.079120
718	0.079111
719	0.079102
720	0.079092
721	0.079083
722	0.079074
723	0.079064
724	0.079055
725	0.079046
726	0.079037
727	0.079027
728	0.079018
729	0.079009
730	0.079000
731	0.078990
732	0.078981
733	0.078972
734	0.078963
735	0.078954
736	0.078944
737	0.078935
738	0.078926
739	0.078917
740	0.078908
741	0.078898
742	0.078889
743	0.078880
744	0.078871
745	0.078862
746	0.078852
747	0.078843
748	0.078834
749	0.078825
750	0.078816
751	0.078806
752	0.078797
753	0.078788
754	0.078779
755	0.078770
756	0.078760
757	0.078751
758	0.078742
759	0.078733
760	0.078724
761	0.078714
762	0.078705
763	0.078696
764	0.078687
765	0.078678
766	0.078668
767	0.078659
768	0.078650
769	0.078641
770	0.078631
771	0.078622
772	0.078613
773	0.078603
774	0.078594
775	0.078585
776	0.078575
777	0.078566
778	0.078557
779	0.078547
780	0.078538
781	0.078529
782	0.078519
783	0.078510
784	0.078500
785	0.078491
786	0.078481
787	0.078472
788	0.078462
789	0.078453
790	0.078443
791	0.078434
792	0.078424
793	0.078414
794	0.078405
795	0.078395
796	0.078385
797	0.078375
798	0.078366
799	0.078356
800	0.078346
801	0.078336
802	0.078326
803	0.078316
804	0.078306
805	0.078296
806	0.078286
807	0.078276
808	0.078266
809	0.078256
810	0.078246
811	0.078235
812	0.078225
813	0.078215
814	0.078204
815	0.078194
816	0.078183
817	0.078173
818	0.078162
819	0.078151
820	0.078140
821	0.078130
822	0.078119
823	0.078108
824	0.078097
825	0.078086
826	0.078074
827	0.078063
828	0.078052
829	0.078040
830	0.078029
831	0.078017
832	0.078005
833	0.077994
834	0.077982
835	0.077970
836	0.077958
837	0.077945
838	0.077933
839	0.077921
840	0.077908
841	0.077895
842	0.077882
843	0.077869
844	0.077856
845	0.077843
846	0.077830
847	0.077816
848	0.077802
849	0.077788
850	0.077774
851	0.077760
852	0.077746
853	0.077731
854	0.077716
855	0.077701
856	0.077686
857	0.077670
858	0.077655
859	0.077639
860	0.077623
861	0.077606
862	0.077590
863	0.077573
864	0.077555
865	0.077538
866	0.077520
867	0.077502
868	0.077483
869	0.077465
870	0.077446
871	0.077426
872	0.077406
873	0.077386
874	0.077365
875	0.077344
876	0.077323
877	0.077301
878	0.077278
879	0.077255
880	0.077232
881	0.077208
882	0.077183
883	0.077158
884	0.077133
885	0.077107
886	0.077080
887	0.077052
888	0.077024
889	0.076995
890	0.076966
891	0.076935
892	0.076904
893	0.076872
894	0.076839
895	0.076806
896	0.076771
897	0.076736
898	0.076699
899	0.076662
900	0.076623
901	0.076584
902	0.076543
903	0.076501
904	0.076458
905	0.076414
906	0.076368
907	0.076322
908	0.076273
909	0.076224
910	0.076173
911	0.076121
912	0.076067
913	0.076011
914	0.075954
915	0.075896
916	0.075836
917	0.075774
918	0.075711
919	0.075645
920	0.075579
921	0.075510
922	0.075440
923	0.075368
924	0.075294
925	0.075219
926	0.075142
927	0.075064
928	0.074984
929	0.074903
930	0.074820
931	0.074736
932	0.074651
933	0.074565
934	0.074478
935	0.074390
936	0.074302
937	0.074214
938	0.074125
939	0.074037
940	0.073949
941	0.073861
942	0.073774
943	0.073688
944	0.073604
945	0.073521
946	0.073439
947	0.073360
948	0.073282
949	0.073207
950	0.073134
951	0.073063
952	0.072994
953	0.072928
954	0.072864
955	0.072802
956	0.072742
957	0.072684
958	0.072627
959	0.072572
960	0.072517
961	0.072463
962	0.072410
963	0.072356
964	0.072302
965	0.072247
966	0.072191
967	0.072135
968	0.072076
969	0.072017
970	0.071955
971	0.071892
972	0.071827
973	0.071760
974	0.071691
975	0.071620
976	0.071548
977	0.071475
978	0.071400
979	0.071325
980	0.071249
981	0.071172
982	0.071095
983	0.071018
984	0.070941
985	0.070864
986	0.070788
987	0.070713
988	0.070638
989	0.070565
990	0.070492
991	0.070420
992	0.070350
993	0.070280
994	0.070211
995	0.070144
996	0.070077
997	0.070011
998	0.069945
999	0.069880
1000	0.069816
1001	0.069751
1002	0.069687
1003	0.069624
1004	0.069560
1005	0.069496
1006	0.069432
1007	0.069368
1008	0.069303
1009	0.069239
1010	0.069174
1011	0.069108
1012	0.069042
1013	0.068976
1014	0.068909
1015	0.068842
1016	0.068775
1017	0.068707
1018	0.068639
1019	0.068572
1020	0.068504
1021	0.068435
1022	0.068368
1023	0.068300
1024	0.068232
1025	0.068164
1026	0.068097
1027	0.068030
1028	0.067964
1029	0.067897
1030	0.067831
1031	0.067766
1032	0.067701
1033	0.067636
1034	0.067572
1035	0.067507
1036	0.067444
1037	0.067380
1038	0.067317
1039	0.067254
1040	0.067191
1041	0.067128
1042	0.067066
1043	0.067003
1044	0.066941
1045	0.066878
1046	0.066816
1047	0.066753
1048	0.066691
1049	0.066628
1050	0.066566
1051	0.066503
1052	0.066440
1053	0.066378
1054	0.066315
1055	0.066253
1056	0.066190
1057	0.066128
1058	0.066065
1059	0.066003
1060	0.065941
1061	0.065879
1062	0.065817
1063	0.065755
1064	0.065694
1065	0.065632
1066	0.065571
1067	0.065510
1068	0.065450
1069	0.065389
1070	0.065329
1071	0.065268
1072	0.065208
1073	0.065148
1074	0.065088
1075	0.065029
1076	0.064969
1077	0.064910
1078	0.064850
1079	0.064791
1080	0.064732
1081	0.064672
1082	0.064613
1083	0.064554
1084	0.064495
1085	0.064436
1086	0.064377
1087	0.064319
1088	0.064260
1089	0.064201
1090	0.064143
1091	0.064084
1092	0.064025
1093	0.063967
1094	0.063909
1095	0.063850
1096	0.063792
1097	0.063734
1098	0.063676
1099	0.063618
1100	0.063561
1101	0.063503
1102	0.063445
1103	0.063388
1104	0.063330
1105	0.063273
1106	0.063216
1107	0.063159
1108	0.063102
1109	0.063045
1110	0.062988
1111	0.062931
1112	0.062875
1113	0.062818
1114	0.062761
1115	0.062705
1116	0.062648
1117	0.062592
1118	0.062536
1119	0.062480
1120	0.062423
1121	0.062367
1122	0.062311
1123	0.062255
1124	0.062200
1125	0.062144
1126	0.062088
1127	0.062032
1128	0.061977
1129	0.061921
1130	0.061866
1131	0.061811
1132	0.061755
1133	0.061700
1134	0.061645
1135	0.061590
1136	0.061535
1137	0.061480
1138	0.061425
1139	0.061371
1140	0.061316
1141	0.061262
1142	0.061207
1143	0.061153
1144	0.061098
1145	0.061044
1146	0.060990
1147	0.060936
1148	0.060882
1149	0.060828
1150	0.060774
1151	0.060720
1152	0.060667
1153	0.060613
1154	0.060559
1155	0.060506
1156	0.060452
1157	0.060399
1158	0.060346
1159	0.060292
1160	0.060239
1161	0.060186
1162	0.060133
1163	0.060080
1164	0.060027
1165	0.059975
1166	0.059922
1167	0.059869
1168	0.059817
1169	0.059764
1170	0.059712
1171	0.059659
1172	0.059607
1173	0.059555
1174	0.059503
1175	0.059450
1176	0.059398
1177	0.059346
1178	0.059295
1179	0.059243
1180	0.059191
1181	0.059139
1182	0.059088
1183	0.059036
1184	0.058984
1185	0.058933
1186	0.058882
1187	0.058830
1188	0.058779
1189	0.058728
1190	0.058677
1191	0.058626
1192	0.058575
1193	0.058524
1194	0.058473
1195	0.058422
1196	0.058371
1197	0.058320
1198	0.058270
1199	0.058219
1200	0.058169
1201	0.058118
1202	0.058068
1203	0.058017
1204	0.057967
1205	0.057917
1206	0.057867
1207	0.057817
1208	0.057767
1209	0.057717
1210	0.057667
1211	0.057617
1212	0.057567
1213	0.057517
1214	0.057468
1215	0.057418
1216	0.057369
1217	0.057319
1218	0.057270
1219	0.057220
1220	0.057171
1221	0.057122
1222	0.057073
1223	0.057024
1224	0.056975
1225	0.056926
1226	0.056877
1227	0.056828
1228	0.056779
1229	0.056730
1230	0.056682
1231	0.056633
1232	0.056584
1233	0.056536
1234	0.056487
1235	0.056439
1236	0.056391
1237	0.056342
1238	0.056294
1239	0.056246
1240	0.056198
1241	0.056150
1242	0.056102
1243	0.056054
1244	0.056006
1245	0.055958
1246	0.055911
1247	0.055863
1248	0.055815
1249	0.055768
1250	0.055720
1251	0.055673
1252	0.055625
1253	0.055578
1254	0.055531
1255	0.055483
1256	0.055436
1257	0.055389
1258	0.055342
1259	0.055295
1260	0.055248
1261	0.055201
1262	0.055154
1263	0.055107
1264	0.055060
1265	0.055014
1266	0.054967
1267	0.054920
1268	0.054874
1269	0.054827
1270	0.054781
1271	0.054735
1272	0.054688
1273	0.054642
1274	0.054596
1275	0.054549
1276	0.054503
1277	0.054457
1278	0.054411
1279	0.054365
1280	0.054319
1281	0.054274
1282	0.054228
1283	0.054182
1284	0.054136
1285	0.054091
1286	0.054045
1287	0.054000
1288	0.053954
1289	0.053909
1290	0.053863
1291	0.053818
1292	0.053773
1293	0.053728
1294	0.053683
1295	0.053637
1296	0.053592
1297	0.053547
1298	0.053502
1299	0.053458
1300	0.053413
1301	0.053368
1302	0.053323
1303	0.053279
1304	0.053234
1305	0.053189
1306	0.053145
1307	0.053100
1308	0.053056
1309	0.053012
1310	0.052967
1311	0.052923
1312	0.052879
1313	0.052835
1314	0.052790
1315	0.052746
1316	0.052702
1317	0.052658
1318	0.052614
1319	0.052571
1320	0.052527
1321	0.052483
1322	0.052439
1323	0.052396
1324	0.052352
1325	0.052308
1326	0.052265
1327	0.052222
1328	0.052178
1329	0.052135
1330	0.052091
1331	0.052048
1332	0.052005
1333	0.051962
1334	0.051919
1335	0.051876
1336	0.051833
1337	0.051790
1338	0.051747
1339	0.051704
1340	0.051661
1341	0.051618
1342	0.051575
1343	0.051533
1344	0.051490
1345	0.051448
1346	0.051405
1347	0.051363
1348	0.051320
1349	0.051278
1350	0.051235
1351	0.051193
1352	0.051151
1353	0.051109
1354	0.051067
1355	0.051024
1356	0.050982
1357	0.050940
1358	0.050899
1359	0.050857
1360	0.050815
1361	0.050773
1362	0.050731
1363	0.050689
1364	0.050648
1365	0.050606
1366	0.050565
1367	0.050523
1368	0.050482
1369	0.050440
1370	0.050399
1371	0.050357
1372	0.050316
1373	0.050275
1374	0.050234
1375	0.050193
1376	0.050151
1377	0.050110
1378	0.050069
1379	0.050028
1380	0.049988
1381	0.049947
1382	0.049906
1383	0.049865
1384	0.049824
1385	0.049784
1386	0.049743
1387	0.049702
1388	0.049662
1389	0.049621
1390	0.049581
1391	0.049540
1392	0.049500
1393	0.049460
1394	0.049419
1395	0.049379
1396	0.049339
1397	0.049299
1398	0.049259
1399	0.049219
1400	0.049179
1401	0.049139
1402	0.049099
1403	0.049059
1404	0.049019
1405	0.048979
1406	0.048940
1407	0.048900
1408	0.048860
1409	0.048821
1410	0.048781
1411	0.048742
1412	0.048702
1413	0.048663
1414	0.048623
1415	0.048584
1416	0.048545
1417	0.048505
1418	0.048466
1419	0.048427
1420	0.048388
1421	0.048349
1422	0.048310
1423	0.048271
1424	0.048232
1425	0.048193
1426	0.048154
1427	0.048115
1428	0.048077
1429	0.048038
1430	0.047999
1431	0.047961
1432	0.047922
1433	0.047883
1434	0.047845
1435	0.047807
1436	0.047768
1437	0.047730
1438	0.047691
1439	0.047653
1440	0.047615
1441	0.047577
1442	0.047538
1443	0.047500
1444	0.047462
1445	0.047424
1446	0.047386
1447	0.047348
1448	0.047310
1449	0.047273
1450	0.047235
1451	0.047197
1452	0.047159
1453	0.047122
1454	0.047084
1455	0.047046
1456	0.047009
1457	0.046971
1458	0.046934
1459	0.046896
1460	0.046859
1461	0.046821
1462	0.046784
1463	0.046747
1464	0.046710
1465	0.046672
1466	0.046635
1467	0.046598
1468	0.046561
1469	0.046524
1470	0.046487
1471	0.046450
1472	0.046413
1473	0.046376
1474	0.046339
1475	0.046303
1476	0.046266
1477	0.046229
1478	0.046193
1479	0.046156
1480	0.046119
1481	0.046083
1482	0.046046
1483	0.046010
1484	0.045973
1485	0.045937
1486	0.045901
1487	0.045864
1488	0.045828
1489	0.045792
1490	0.045756
1491	0.045720
1492	0.045683
1493	0.045647
1494	0.045611
1495	0.045575
1496	0.045539
1497	0.045504
1498	0.045468
1499	0.045432
1500	0.045396
1501	0.045360
1502	0.045325
1503	0.045289
1504	0.045253
1505	0.045218
1506	0.045182
1507	0.045147
1508	0.045111
1509	0.045076
1510	0.045040
1511	0.045005
1512	0.044970
1513	0.044935
1514	0.044899
1515	0.044864
1516	0.044829
1517	0.044794
1518	0.044759
1519	0.044724
1520	0.044689
1521	0.044654
1522	0.044619
1523	0.044584
1524	0.044549
1525	0.044514
1526	0.044480
1527	0.044445
1528	0.044410
1529	0.044375
1530	0.044341
1531	0.044306
1532	0.044272
1533	0.044237
1534	0.044203
1535	0.044168
1536	0.044134
1537	0.044100
1538	0.044065
1539	0.044031
1540	0.043997
1541	0.043963
1542	0.043928
1543	0.043894
1544	0.043860
1545	0.043826
1546	0.043792
1547	0.043758
1548	0.043724
1549	0.043690
1550	0.043656
1551	0.043623
1552	0.043589
1553	0.043555
1554	0.043521
1555	0.043488
1556	0.043454
1557	0.043420
1558	0.043387
1559	0.043353
1560	0.043320
1561	0.043286
1562	0.043253
1563	0.043219
1564	0.043186
1565	0.043153
1566	0.043120
1567	0.043086
1568	0.043053
1569	0.043020
1570	0.042987
1571	0.042954
1572	0.042921
1573	0.042888
1574	0.042855
1575	0.042822
1576	0.042789
1577	0.042756
1578	0.042723
1579	0.042690
1580	0.042657
1581	0.042625
1582	0.042592
1583	0.042559
1584	0.042527
1585	0.042494
1586	0.042462
1587	0.042429
1588	0.042396
1589	0.042364
1590	0.042332
1591	0.042299
1592	0.042267
1593	0.042235
1594	0.042202
1595	0.042170
1596	0.042138
1597	0.042106
1598	0.042074
1599	0.042041
1600	0.042009
1601	0.041977
1602	0.041945
1603	0.041913
1604	0.041881
1605	0.041850
1606	0.041818
1607	0.041786
1608	0.041754
1609	0.041722
1610	0.041691
1611	0.041659
1612	0.041627
1613	0.041596
1614	0.041564
1615	0.041533
1616	0.041501
1617	0.041469
1618	0.041438
1619	0.041407
1620	0.041375
1621	0.041344
1622	0.041313
1623	0.041281
1624	0.041250
1625	0.041219
1626	0.041188
1627	0.041157
1628	0.041125
1629	0.041094
1630	0.041063
1631	0.041032
1632	0.041001
1633	0.040970
1634	0.040939
1635	0.040909
1636	0.040878
1637	0.040847
1638	0.040816
1639	0.040785
1640	0.040755
1641	0.040724
1642	0.040693
1643	0.040663
1644	0.040632
1645	0.040602
1646	0.040571
1647	0.040541
1648	0.040510
1649	0.040480
1650	0.040449
1651	0.040419
1652	0.040389
1653	0.040358
1654	0.040328
1655	0.040298
1656	0.040268
1657	0.040238
1658	0.040208
1659	0.040177
1660	0.040147
1661	0.040117
1662	0.040087
1663	0.040057
1664	0.040027
1665	0.039998
1666	0.039968
1667	0.039938
1668	0.039908
1669	0.039878
1670	0.039849
1671	0.039819
1672	0.039789
1673	0.039760
1674	0.039730
1675	0.039700
1676	0.039671
1677	0.039641
1678	0.039612
1679	0.039582
1680	0.039553
1681	0.039524
1682	0.039494
1683	0.039465
1684	0.039436
1685	0.039406
1686	0.039377
1687	0.039348
1688	0.039319
1689	0.039290
1690	0.039261
1691	0.039232
1692	0.039202
1693	0.039173
1694	0.039144
1695	0.039116
1696	0.039087
1697	0.039058
1698	0.039029
1699	0.039000
1700	0.038971
1701	0.038942
1702	0.038914
1703	0.038885
1704	0.038856
1705	0.038828
1706	0.038799
1707	0.038770
1708	0.038742
1709	0.038713
1710	0.038685
1711	0.038656
1712	0.038628
1713	0.038600
1714	0.038571
1715	0.038543
1716	0.038515
1717	0.038486
1718	0.038458
1719	0.038430
1720	0.038402
1721	0.038374
1722	0.038345
1723	0.038317
1724	0.038289
1725	0.038261
1726	0.038233
1727	0.038205
1728	0.038177
1729	0.038149
1730	0.038121
1731	0.038094
1732	0.038066
1733	0.038038
1734	0.038010
1735	0.037982
1736	0.037955
1737	0.037927
1738	0.037899
1739	0.037872
1740	0.037844
1741	0.037817
1742	0.037789
1743	0.037761
1744	0.037734
1745	0.037707
1746	0.037679
1747	0.037652
1748	0.037624
1749	0.037597
1750	0.037570
1751	0.037542
1752	0.037515
1753	0.037488
1754	0.037461
1755	0.037434
1756	0.037406
1757	0.037379
1758	0.037352
1759	0.037325
1760	0.037298
1761	0.037271
1762	0.037244
1763	0.037217
1764	0.037190
1765	0.037164
1766	0.037137
1767	0.037110
1768	0.037083
1769	0.037056
1770	0.037030
1771	0.037003
1772	0.036976
1773	0.036950
1774	0.036923
1775	0.036896
1776	0.036870
1777	0.036843
1778	0.036817
1779	0.036790
1780	0.036764
1781	0.036737
1782	0.036711
1783	0.036684
1784	0.036658
1785	0.036632
1786	0.036605
1787	0.036579
1788	0.036553
1789	0.036527
1790	0.036501
1791	0.036474
1792	0.036448
1793	0.036422
1794	0.036396
1795	0.036370
1796	0.036344
1797	0.036318
1798	0.036292
1799	0.036266
1800	0.036240
1801	0.036214
1802	0.036188
1803	0.036163
1804	0.036137
1805	0.036111
1806	0.036085
1807	0.036060
1808	0.036034
1809	0.036008
1810	0.035983
1811	0.035957
1812	0.035931
1813	0.035906
1814	0.035880
1815	0.035855
1816	0.035829
1817	0.035804
1818	0.035778
1819	0.035753
1820	0.035728
1821	0.035702
1822	0.035677
1823	0.035652
1824	0.035626
1825	0.035601
1826	0.035576
1827	0.035551
1828	0.035526
1829	0.035500
1830	0.035475
1831	0.035450
1832	0.035425
1833	0.035400
1834	0.035375
1835	0.035350
1836	0.035325
1837	0.035300
1838	0.035275
1839	0.035250
1840	0.035226
1841	0.035201
1842	0.035176
1843	0.035151
1844	0.035126
1845	0.035102
1846	0.035077
1847	0.035052
1848	0.035028
1849	0.035003
1850	0.034978
1851	0.034954
1852	0.034929
1853	0.034905
1854	0.034880
1855	0.034856
1856	0.034831
1857	0.034807
1858	0.034782
1859	0.034758
1860	0.034734
1861	0.034709
1862	0.034685
1863	0.034661
1864	0.034637
1865	0.034612
1866	0.034588
1867	0.034564
1868	0.034540
1869	0.034516
1870	0.034492
1871	0.034468
1872	0.034444
1873	0.034420
1874	0.034396
1875	0.034372
1876	0.034348
1877	0.034324
1878	0.034300
1879	0.034276
1880	0.034252
1881	0.034228
1882	0.034204
1883	0.034181
1884	0.034157
1885	0.034133
1886	0.034109
1887	0.034086
1888	0.034062
1889	0.034039
1890	0.034015
1891	0.033991
1892	0.033968
1893	0.033944
1894	0.033921
1895	0.033897
1896	0.033874
1897	0.033850
1898	0.033827
1899	0.033803
1900	0.033780
1901	0.033757
1902	0.033733
1903	0.033710
1904	0.033687
1905	0.033664
1906	0.033640
1907	0.033617
1908	0.033594
1909	0.033571
1910	0.033548
1911	0.033525
1912	0.033502
1913	0.033479
1914	0.033455
1915	0.033432
1916	0.033409
1917	0.033386
1918	0.033364
1919	0.033341
1920	0.033318
1921	0.033295
1922	0.033272
1923	0.033249
1924	0.033226
1925	0.033204
1926	0.033181
1927	0.033158
1928	0.033135
1929	0.033113
1930	0.033090
1931	0.033067
1932	0.033045
1933	0.033022
1934	0.033000
1935	0.032977
1936	0.032955
1937	0.032932
1938	0.032910
1939	0.032887
1940	0.032865
1941	0.032842
1942	0.032820
1943	0.032798
1944	0.032775
1945	0.032753
1946	0.032731
1947	0.032708
1948	0.032686
1949	0.032664
1950	0.032642
1951	0.032619
1952	0.032597
1953	0.032575
1954	0.032553
1955	0.032531
1956	0.032509
1957	0.032487
1958	0.032465
1959	0.032443
1960	0.032421
1961	0.032399
1962	0.032377
1963	0.032355
1964	0.032333
1965	0.032311
1966	0.032289
1967	0.032267
1968	0.032246
1969	0.032224
1970	0.032202
1971	0.032180
1972	0.032159
1973	0.032137
1974	0.032115
1975	0.032094
1976	0.032072
1977	0.032050
1978	0.032029
1979	0.032007
1980	0.031986
1981	0.031964
1982	0.031943
1983	0.031921
1984	0.031900
1985	0.031878
1986	0.031857
1987	0.031836
1988	0.031814
1989	0.031793
1990	0.031771
1991	0.031750
1992	0.031729
1993	0.031708
1994	0.031686
1995	0.031665
1996	0.031644
1997	0.031623
1998	0.031602
1999	0.031580
2000	0.031559
2001	0.031538
2002	0.031517
2003	0.031496
2004	0.031475
2005	0.031454
2006	0.031433
2007	0.031412
2008	0.031391
2009	0.031370
2010	0.031349
2011	0.031328
2012	0.031307
2013	0.031287
2014	0.031266
2015	0.031245
2016	0.031224
2017	0.031203
2018	0.031183
2019	0.031162
2020	0.031141
2021	0.031121
2022	0.031100
2023	0.031079
2024	0.031059
2025	0.031038
2026	0.031018
2027	0.030997
2028	0.030976
2029	0.030956
2030	0.030935
2031	0.030915
2032	0.030895
2033	0.030874
2034	0.030854
2035	0.030833
2036	0.030813
2037	0.030793
2038	0.030772
2039	0.030752
2040	0.030732
2041	0.030711
2042	0.030691
2043	0.030671
2044	0.030651
2045	0.030630
2046	0.030610
2047	0.030590
2048	0.030570
2049	0.030550
2050	0.030530
2051	0.030510
2052	0.030490
2053	0.030470
2054	0.030450
2055	0.030430
2056	0.030410
2057	0.030390
2058	0.030370
2059	0.030350
2060	0.030330
2061	0.030310
2062	0.030290
2063	0.030270
2064	0.030251
2065	0.030231
2066	0.030211
2067	0.030191
2068	0.030171
2069	0.030152
2070	0.030132
2071	0.030112
2072	0.030093
2073	0.030073
2074	0.030053
2075	0.030034
2076	0.030014
2077	0.029995
2078	0.029975
2079	0.029956
2080	0.029936
2081	0.029917
2082	0.029897
2083	0.029878
2084	0.029858
2085	0.029839
2086	0.029819
2087	0.029800
2088	0.029781
2089	0.029761
2090	0.029742
2091	0.029723
2092	0.029704
2093	0.029684
2094	0.029665
2095	0.029646
2096	0.029627
2097	0.029607
2098	0.029588
2099	0.029569
2100	0.029550
2101	0.029531
2102	0.029512
2103	0.029493
2104	0.029474
2105	0.029455
2106	0.029435
2107	0.029416
2108	0.029398
2109	0.029379
2110	0.029360
2111	0.029341
2112	0.029322
2113	0.029303
2114	0.029284
2115	0.029265
2116	0.029246
2117	0.029228
2118	0.029209
2119	0.029190
2120	0.029171
2121	0.029152
2122	0.029134
2123	0.029115
2124	0.029096
2125	0.029078
2126	0.029059
2127	0.029040
2128	0.029022
2129	0.029003
2130	0.028985
2131	0.028966
2132	0.028948
2133	0.028929
2134	0.028911
2135	0.028892
2136	0.028874
2137	0.028855
2138	0.028837
2139	0.028818
2140	0.028800
2141	0.028781
2142	0.028763
2143	0.028745
2144	0.028726
2145	0.028708
2146	0.028690
2147	0.028672
2148	0.028653
2149	0.028635
2150	0.028617
2151	0.028599
2152	0.028580
2153	0.028562
2154	0.028544
2155	0.028526
2156	0.028508
2157	0.028490
2158	0.028472
2159	0.028454
2160	0.028436
2161	0.028418
2162	0.028400
2163	0.028382
2164	0.028364
2165	0.028346
2166	0.028328
2167	0.028310
2168	0.028292
2169	0.028274
2170	0.028256
2171	0.028238
2172	0.028220
2173	0.028203
2174	0.028185
2175	0.028167
2176	0.028149
2177	0.028131
2178	0.028114
2179	0.028096
2180	0.028078
2181	0.028061
2182	0.028043
2183	0.028025
2184	0.028008
2185	0.027990
2186	0.027972
2187	0.027955
2188	0.027937
2189	0.027920
2190	0.027902
2191	0.027885
2192	0.027867
2193	0.027850
2194	0.027832
2195	0.027815
2196	0.027797
2197	0.027780
2198	0.027763
2199	0.027745
2200	0.027728
2201	0.027711
2202	0.027693
2203	0.027676
2204	0.027659
2205	0.027641
2206	0.027624
2207	0.027607
2208	0.027589
2209	0.027572
2210	0.027555
2211	0.027538
2212	0.027521
2213	0.027504
2214	0.027487
2215	0.027469
2216	0.027452
2217	0.027435
2218	0.027418
2219	0.027401
2220	0.027384
2221	0.027367
2222	0.027350
2223	0.027333
2224	0.027316
2225	0.027299
2226	0.027282
2227	0.027265
2228	0.027248
2229	0.027231
2230	0.027215
2231	0.027198
2232	0.027181
2233	0.027164
2234	0.027147
2235	0.027130
2236	0.027114
2237	0.027097
2238	0.027080
2239	0.027063
2240	0.027047
2241	0.027030
2242	0.027013
2243	0.026997
2244	0.026980
2245	0.026963
2246	0.026947
2247	0.026930
2248	0.026913
2249	0.026897
2250	0.026880
2251	0.026864
2252	0.026847
2253	0.026831
2254	0.026814
2255	0.026798
2256	0.026781
2257	0.026765
2258	0.026748
2259	0.026732
2260	0.026716
2261	0.026699
2262	0.026683
2263	0.026666
2264	0.026650
2265	0.026634
2266	0.026618
2267	0.026601
2268	0.026585
2269	0.026569
2270	0.026552
2271	0.026536
2272	0.026520
2273	0.026504
2274	0.026488
2275	0.026471
2276	0.026455
2277	0.026439
2278	0.026423
2279	0.026407
2280	0.026391
2281	0.026375
2282	0.026359
2283	0.026343
2284	0.026326
2285	0.026311
2286	0.026295
2287	0.026279
2288	0.026262
2289	0.026247
2290	0.026231
2291	0.026215
2292	0.026199
2293	0.026183
2294	0.026167
2295	0.026151
2296	0.026135
2297	0.026119
2298	0.026104
2299	0.026088
2300	0.026072
2301	0.026056
2302	0.026040
2303	0.026025
2304	0.026009
2305	0.025993
2306	0.025978
2307	0.025962
2308	0.025946
2309	0.025930
2310	0.025915
2311	0.025899
2312	0.025884
2313	0.025868
2314	0.025852
2315	0.025837
2316	0.025821
2317	0.025806
2318	0.025790
2319	0.025775
2320	0.025759
2321	0.025744
2322	0.025728
2323	0.025713
2324	0.025697
2325	0.025682
2326	0.025666
2327	0.025651
2328	0.025636
2329	0.025620
2330	0.025605
2331	0.025589
2332	0.025574
2333	0.025559
2334	0.025543
2335	0.025528
2336	0.025513
2337	0.025498
2338	0.025482
2339	0.025467
2340	0.025452
2341	0.025437
2342	0.025421
2343	0.025406
2344	0.025391
2345	0.025376
2346	0.025361
2347	0.025346
2348	0.025331
2349	0.025316
2350	0.025300
2351	0.025285
2352	0.025270
2353	0.025255
2354	0.025240
2355	0.025225
2356	0.025210
2357	0.025195
2358	0.025180
2359	0.025165
2360	0.025150
2361	0.025135
2362	0.025121
2363	0.025106
2364	0.025091
2365	0.025076
2366	0.025061
2367	0.025046
2368	0.025031
2369	0.025016
2370	0.025002
2371	0.024987
2372	0.024972
2373	0.024957
2374	0.024943
2375	0.024928
2376	0.024913
2377	0.024898
2378	0.024884
2379	0.024869
2380	0.024854
2381	0.024840
2382	0.024825
2383	0.024810
2384	0.024796
2385	0.024781
2386	0.024767
2387	0.024752
2388	0.024737
2389	0.024723
2390	0.024708
2391	0.024694
2392	0.024679
2393	0.024665
2394	0.024650
2395	0.024636
2396	0.024621
2397	0.024607
2398	0.024593
2399	0.024578
2400	0.024564
2401	0.024549
2402	0.024535
2403	0.024521
2404	0.024506
2405	0.024492
2406	0.024478
2407	0.024463
2408	0.024449
2409	0.024435
2410	0.024420
2411	0.024406
2412	0.024392
2413	0.024378
2414	0.024363
2415	0.024349
2416	0.024335
2417	0.024321
2418	0.024307
2419	0.024292
2420	0.024278
2421	0.024264
2422	0.024250
2423	0.024236
2424	0.024222
2425	0.024208
2426	0.024194
2427	0.024180
2428	0.024166
2429	0.024152
2430	0.024138
2431	0.024124
2432	0.024110
2433	0.024096
2434	0.024082
2435	0.024068
2436	0.024054
2437	0.024040
2438	0.024026
2439	0.024012
2440	0.023998
2441	0.023984
2442	0.023970
2443	0.023957
2444	0.023943
2445	0.023929
2446	0.023915
2447	0.023901
2448	0.023887
2449	0.023874
2450	0.023860
2451	0.023846
2452	0.023832
2453	0.023819
2454	0.023805
2455	0.023791
2456	0.023777
2457	0.023764
2458	0.023750
2459	0.023737
2460	0.023723
2461	0.023709
2462	0.023696
2463	0.023682
2464	0.023668
2465	0.023655
2466	0.023641
2467	0.023628
2468	0.023614
2469	0.023601
2470	0.023587
2471	0.023574
2472	0.023560
2473	0.023547
2474	0.023533
2475	0.023520
2476	0.023506
2477	0.023493
2478	0.023479
2479	0.023466
2480	0.023452
2481	0.023439
2482	0.023426
2483	0.023412
2484	0.023399
2485	0.023386
2486	0.023372
2487	0.023359
2488	0.023346
2489	0.023332
2490	0.023319
2491	0.023306
2492	0.023293
2493	0.023279
2494	0.023266
2495	0.023253
2496	0.023240
2497	0.023227
2498	0.023213
2499	0.023200
2500	0.023187
2501	0.023174
2502	0.023161
2503	0.023148
2504	0.023134
2505	0.023121
2506	0.023108
2507	0.023095
2508	0.023082
2509	0.023069
2510	0.023056
2511	0.023043
2512	0.023030
2513	0.023017
2514	0.023004
2515	0.022991
2516	0.022978
2517	0.022965
2518	0.022952
2519	0.022939
2520	0.022926
2521	0.022913
2522	0.022900
2523	0.022887
2524	0.022875
2525	0.022862
2526	0.022849
2527	0.022836
2528	0.022823
2529	0.022810
2530	0.022797
2531	0.022785
2532	0.022772
2533	0.022759
2534	0.022746
2535	0.022734
2536	0.022721
2537	0.022708
2538	0.022695
2539	0.022683
2540	0.022670
2541	0.022657
2542	0.022644
2543	0.022632
2544	0.022619
2545	0.022606
2546	0.022594
2547	0.022581
2548	0.022569
2549	0.022556
2550	0.022543
2551	0.022531
2552	0.022518
2553	0.022506
2554	0.022493
2555	0.022481
2556	0.022468
2557	0.022456
2558	0.022443
2559	0.022431
2560	0.022418
2561	0.022406
2562	0.022393
2563	0.022381
2564	0.022368
2565	0.022356
2566	0.022343
2567	0.022331
2568	0.022319
2569	0.022306
2570	0.022294
2571	0.022281
2572	0.022269
2573	0.022257
2574	0.022244
2575	0.022232
2576	0.022220
2577	0.022207
2578	0.022195
2579	0.022183
2580	0.022171
2581	0.022158
2582	0.022146
2583	0.022134
2584	0.022122
2585	0.022109
2586	0.022097
2587	0.022085
2588	0.022073
2589	0.022061
2590	0.022049
2591	0.022036
2592	0.022024
2593	0.022012
2594	0.022000
2595	0.021988
2596	0.021976
2597	0.021964
2598	0.021952
2599	0.021940
2600	0.021927
2601	0.021915
2602	0.021903
2603	0.021891
2604	0.021879
2605	0.021867
2606	0.021855
2607	0.021843
2608	0.021831
2609	0.021819
2610	0.021808
2611	0.021796
2612	0.021784
2613	0.021772
2614	0.021760
2615	0.021748
2616	0.021736
2617	0.021724
2618	0.021712
2619	0.021700
2620	0.021689
2621	0.021677
2622	0.021665
2623	0.021653
2624	0.021641
2625	0.021630
2626	0.021618
2627	0.021606
2628	0.021594
2629	0.021582
2630	0.021571
2631	0.021559
2632	0.021547
2633	0.021535
2634	0.021524
2635	0.021512
2636	0.021500
2637	0.021489
2638	0.021477
2639	0.021465
2640	0.021454
2641	0.021442
2642	0.021431
2643	0.021419
2644	0.021407
2645	0.021396
2646	0.021384
2647	0.021373
2648	0.021361
2649	0.021349
2650	0.021338
2651	0.021326
2652	0.021315
2653	0.021303
2654	0.021292
2655	0.021280
2656	0.021269
2657	0.021257
2658	0.021246
2659	0.021234
2660	0.021223
2661	0.021212
2662	0.021200
2663	0.021189
2664	0.021177
2665	0.021166
2666	0.021154
2667	0.021143
2668	0.021132
2669	0.021120
2670	0.021109
2671	0.021098
2672	0.021086
2673	0.021075
2674	0.021064
2675	0.021052
2676	0.021041
2677	0.021030
2678	0.021018
2679	0.021007
2680	0.020996
2681	0.020985
2682	0.020973
2683	0.020962
2684	0.020951
2685	0.020940
2686	0.020929
2687	0.020918
2688	0.020906
2689	0.020895
2690	0.020884
2691	0.020873
2692	0.020862
2693	0.020851
2694	0.020840
2695	0.020828
2696	0.020817
2697	0.020806
2698	0.020795
2699	0.020784
2700	0.020773
2701	0.020762
2702	0.020751
2703	0.020740
2704	0.020729
2705	0.020718
2706	0.020707
2707	0.020696
2708	0.020685
2709	0.020674
2710	0.020663
2711	0.020652
2712	0.020641
2713	0.020630
2714	0.020619
2715	0.020608
2716	0.020597
2717	0.020586
2718	0.020575
2719	0.020565
2720	0.020554
2721	0.020543
2722	0.020532
2723	0.020521
2724	0.020510
2725	0.020499
2726	0.020489
2727	0.020478
2728	0.020467
2729	0.020456
2730	0.020445
2731	0.020435
2732	0.020424
2733	0.020413
2734	0.020402
2735	0.020392
2736	0.020381
2737	0.020370
2738	0.020359
2739	0.020349
2740	0.020338
2741	0.020327
2742	0.020317
2743	0.020306
2744	0.020295
2745	0.020285
2746	0.020274
2747	0.020263
2748	0.020253
2749	0.020242
2750	0.020232
2751	0.020221
2752	0.020210
2753	0.020200
2754	0.020189
2755	0.020179
2756	0.020168
2757	0.020158
2758	0.020147
2759	0.020137
2760	0.020126
2761	0.020115
2762	0.020105
2763	0.020095
2764	0.020084
2765	0.020074
2766	0.020063
2767	0.020053
2768	0.020042
2769	0.020032
2770	0.020021
2771	0.020011
2772	0.020001
2773	0.019990
2774	0.019980
2775	0.019969
2776	0.019959
2777	0.019949
2778	0.019938
2779	0.019928
2780	0.019918
2781	0.019907
2782	0.019897
2783	0.019886
2784	0.019876
2785	0.019866
2786	0.019856
2787	0.019845
2788	0.019835
2789	0.019825
2790	0.019815
2791	0.019804
2792	0.019794
2793	0.019784
2794	0.019774
2795	0.019763
2796	0.019753
2797	0.019743
2798	0.019733
2799	0.019723
2800	0.019712
2801	0.019702
2802	0.019692
2803	0.019682
2804	0.019672
2805	0.019662
2806	0.019652
2807	0.019642
2808	0.019631
2809	0.019621
2810	0.019611
2811	0.019601
2812	0.019591
2813	0.019581
2814	0.019571
2815	0.019561
2816	0.019551
2817	0.019541
2818	0.019531
2819	0.019521
2820	0.019511
2821	0.019501
2822	0.019491
2823	0.019481
2824	0.019471
2825	0.019461
2826	0.019451
2827	0.019441
2828	0.019431
2829	0.019421
2830	0.019411
2831	0.019401
2832	0.019391
2833	0.019381
2834	0.019372
2835	0.019362
2836	0.019352
2837	0.019342
2838	0.019332
2839	0.019322
2840	0.019312
2841	0.019302
2842	0.019293
2843	0.019283
2844	0.019273
2845	0.019263
2846	0.019253
2847	0.019244
2848	0.019234
2849	0.019224
2850	0.019214
2851	0.019205
2852	0.019195
2853	0.019185
2854	0.019175
2855	0.019166
2856	0.019156
2857	0.019146
2858	0.019137
2859	0.019127
2860	0.019117
2861	0.019108
2862	0.019098
2863	0.019088
2864	0.019078
2865	0.019069
2866	0.019059
2867	0.019050
2868	0.019040
2869	0.019030
2870	0.019021
2871	0.019011
2872	0.019002
2873	0.018992
2874	0.018982
2875	0.018973
2876	0.018963
2877	0.018954
2878	0.018944
2879	0.018935
2880	0.018925
2881	0.018916
2882	0.018906
2883	0.018897
2884	0.018887
2885	0.018878
2886	0.018868
2887	0.018859
2888	0.018849
2889	0.018840
2890	0.018830
2891	0.018821
2892	0.018811
2893	0.018802
2894	0.018793
2895	0.018783
2896	0.018774
2897	0.018764
2898	0.018755
2899	0.018746
2900	0.018736
2901	0.018727
2902	0.018717
2903	0.018708
2904	0.018699
2905	0.018689
2906	0.018680
2907	0.018671
2908	0.018662
2909	0.018652
2910	0.018643
2911	0.018634
2912	0.018624
2913	0.018615
2914	0.018606
2915	0.018597
2916	0.018587
2917	0.018578
2918	0.018569
2919	0.018560
2920	0.018550
2921	0.018541
2922	0.018532
2923	0.018523
2924	0.018514
2925	0.018504
2926	0.018495
2927	0.018486
2928	0.018477
2929	0.018468
2930	0.018459
2931	0.018449
2932	0.018440
2933	0.018431
2934	0.018422
2935	0.018413
2936	0.018404
2937	0.018395
2938	0.018386
2939	0.018377
2940	0.018367
2941	0.018358
2942	0.018349
2943	0.018340
2944	0.018331
2945	0.018322
2946	0.018313
2947	0.018304
2948	0.018295
2949	0.018286
2950	0.018277
2951	0.018268
2952	0.018259
2953	0.018250
2954	0.018241
2955	0.018232
2956	0.018223
2957	0.018214
2958	0.018205
2959	0.018196
2960	0.018187
2961	0.018178
2962	0.018170
2963	0.018161
2964	0.018152
2965	0.018143
2966	0.018134
2967	0.018125
2968	0.018116
2969	0.018107
2970	0.018099
2971	0.018090
2972	0.018081
2973	0.018072
2974	0.018063
2975	0.018054
2976	0.018045
2977	0.018037
2978	0.018028
2979	0.018019
2980	0.018010
2981	0.018002
2982	0.017993
2983	0.017984
2984	0.017975
2985	0.017966
2986	0.017958
2987	0.017949
2988	0.017940
2989	0.017932
2990	0.017923
2991	0.017914
2992	0.017905
2993	0.017897
2994	0.017888
2995	0.017879
2996	0.017871
2997	0.017862
2998	0.017853
2999	0.017845
3000	0.017836
